75
0 4
-1.227 5.317
0.843 4.776
0.527 6.905
2.556 6.298
2.319 8.449
4.307 7.775
4.151 9.946
6.097 9.205
6.024 11.392
7.928 10.583
7.939 12.78
9.8 11.903
9.898 14.108
11.715 13.161
11.9 15.367
13.673 14.351
13.947 16.552
15.675 15.446
16.039 17.658
17.72 16.5
18.175 18.675
19.807 17.444
20.353 19.597
21.935 18.293
22.572 20.417
24.102 19.039
24.829 21.127
26.303 19.673
27.119 21.719
28.535 20.19
29.438 22.187
30.792 20.584
31.779 22.526
33.067 20.85
34.135 22.731
35.355 20.983
36.5 22.8
37.645 20.983
38.865 22.731
39.933 20.85
41.221 20.526
42.208 20.584
43.562 22.187
44.465 20.19
45.881 21.719
46.697 19.673
48.171 21.127
48.898 19.039
50.428 20.417
51.065 18.293
52.647 19.597
53.193 17.444
54.825 18.675
55.28 16.5
56.961 17.658
57.325 15.466
59.053 16.552
59.327 14.351
61.1 15.367
61.285 13.161
63.102 14.108
63.2 11.903
65.061 12.78
65.072 10.583
66.976 11.392
66.903 9.205
68.849 9.946
68.693 7.775
70.681 8.449
70.444 6.298
72.473 6.905
72.157 4.776
74.227 5.317
73 4
